42949672960  -0.38971152
4294967296  -0.32244349
268435456  -0.49120347
16777216  -0.64369958
1048576  -0.79475331
524288  0.66559732
131072  -7.79272392
16384  16.15261704
21474836480  -0.42178682
10737418240  -0.28025949
5368709120  -0.41392169
2684354560  -0.43325299
1342177280  -0.33091295
671088640  -0.91992320
335544320  -0.73849085
33554432  -1.57149778
8388608  2.84153775
4194304  -3.59270656
2097152  -0.03859487
1048576  0.53181652
262144  -3.16707963
131072  0.08646550
65536  -1.93239761
32768  0.81743680
8192  0.07770301
2048  1.14342432
512  0.80794381
