42949672960  -0.74006110
4294967296  -0.45002790
268435456  0.46164453
16777216  -1.92806873
65536  7.10557430
4096  -7.03504315
512  -7.44576093
2048  -23.95481819
8192  -20.30408448
32768  -2.51409502
262144  -4.42094696
524288  -3.36084471
131072  -4.98033201
1048576  -5.48496407
2097152  -1.99848944
4194304  -3.62861787
8388608  -2.08457951
33554432  -0.92725120
67108864  -1.03614137
671088640  0.58650405
1342177280  -0.29941943
2684354560  0.06001799
5368709120  -1.71017703
10737418240  0.40687934
21474836480  -0.81202056
